-0.489714 -1.174234 0.536089 -0.421133 -0.235564 -0.938214 -0.830365 0.314302 0.097824 0.001011 
-0.391080 -0.119775 -0.025846 0.629576 0.037215 1.244847 -0.625154 -0.115021 1.112405 1.449710 
0.927250 -0.518556 0.502675 0.461469 -0.014415 0.297835 -1.189011 0.213525 0.189804 0.071831 
0.060470 -0.889876 1.817354 -0.297097 0.609978 0.276413 -1.041663 1.603001 0.528130 -1.342769 
0.697742 1.090889 -1.533300 -0.437908 -0.555283 -0.330652 1.762934 -0.835802 -1.224597 -0.104784 
1.882140 1.052948 -0.671994 0.023713 0.328252 -1.228186 0.955154 -1.002475 -0.888656 0.651745 
-0.808821 0.227869 -0.000287 0.194138 0.103133 -1.031306 0.692919 -0.196462 -0.172063 -0.866110 
-2.045354 0.232007 -0.634941 0.260207 -0.541498 -1.802901 0.833344 -1.249769 0.813789 -0.821677 
0.699387 -0.289736 -0.428042 0.219504 -0.271905 -0.299164 -1.269280 1.100132 0.091439 0.253464 
-0.015853 0.170846 0.559190 0.011807 0.694977 -0.300027 0.146460 -0.400085 0.821603 0.883756 
